[gd_scene format=3 uid="uid://b5k7x2qr8dnme"]

[ext_resource type="PackedScene" uid="uid://dqkrs6t6jrndy" path="res://characters/helena/helena.tscn" id="6_21yb8"]
[ext_resource type="PackedScene" uid="uid://bmljoluxik5wr" path="res://scenes/schoolEntrance/schoolBuilding/schoolBuilding.tscn" id="7_5jtxm"]
[ext_resource type="PackedScene" uid="uid://kf1kuq4u5fid" path="res://scenes/schoolEntrance/bridge/bridge.tscn" id="8_bridge"]
[ext_resource type="PackedScene" uid="uid://dkh0siy1yckv0" path="res://scenes/schoolEntrance/parkingLot/parkingLot.tscn" id="9_parking"]
[ext_resource type="PackedScene" uid="uid://c3ilcm6imfur6" path="res://scenes/schoolEntrance/streetBlock/streetBlock.tscn" id="10_streetblock"]
[ext_resource type="PackedScene" uid="uid://b18wfsc1jivmc" path="res://scenes/schoolEntrance/river/river.tscn" id="11_river"]

[sub_resource type="NavigationMesh" id="NavigationMesh_21yb8"]
vertices = PackedVector3Array(23.1, 0.5500002, -6.2500005, 23.1, 0.5500002, -5.5000005, 23.6, 0.5500002, -5.2500005, 31.85, 0.3000002, -6.2500005, 23.6, 0.3000002, 12.75, 23.1, 0.3000002, 13, 23.1, 0.3000002, 17, 23.6, 0.3000002, 17.25, 31.85, 0.3000002, 36, 23.6, 0.5500002, 35.5, 23.1, 0.5500002, 36, -19.15, 4.3, -4.0000005, -19.15, 4.3, 4.2499995, 19.1, 4.3, 4.2499995, 19.1, 4.3, -4.0000005, -18.9, 1.0500002, -3.7500005, -18.9, 1.0500002, 3.9999995, 18.85, 1.0500002, 3.9999995, 18.85, 1.0500002, -3.7500005, -20.65, 0.3000002, 6.4999995, -21.15, 0.3000002, 5.9999995, -21.15, 0.3000002, 7.4999995, -4.1499996, 0.3000002, 7.4999995, -4.1499996, 0.3000002, 6.4999995, 21.1, 0.3000002, 7.4999995, 21.1, 0.3000002, 5.9999995, 20.6, 0.3000002, 6.4999995, 4.1000004, 0.3000002, 7.4999995, 4.1000004, 0.3000002, 6.4999995, 2.1000004, 0.5500002, 31.25, 2.6000004, 0.5500002, 30.5, 1.8500004, 0.5500002, 30, 2.1000004, 0.5500002, 33, -1.6499996, 0.5500002, 33.5, 2.6000004, 0.5500002, 33.5, -1.6499996, 0.5500002, 6.2499995, 1.8500004, 0.5500002, 6.2499995, 4.1000004, 0.3000002, 30, 3.6000004, 0.3000002, 30.25, 7.1000004, 0.3000002, 30.5, 4.3500004, 0.3000002, 27.5, 7.8500004, 0.3000002, 31.25, 21.1, 0.3000002, 34, 21.1, 0.3000002, 28.25, 20.1, 0.3000002, 27.5, 7.8500004, 0.3000002, 34, 21.1, 0.3000002, 25.75, 20.6, 0.3000002, 13, 20.1, 0.3000002, 13.5, 18.35, 0.3000002, 13.5, 20.1, 0.3000002, 26.5, 17.6, 0.3000002, 12.75, 17.6, 0.3000002, 10, 4.1000004, 0.3000002, 10, 2.8500004, 0.5500002, 36.25, 2.6000004, 0.5500002, 35.75, -2.1499996, 0.5500002, 35.75, -2.3999996, 0.5500002, 36.25, -21.4, 0.3000002, 44.75, 22.6, 0.3000002, 44.75, -21.4, 0.5500002, 36.25, 22.6, 0.5500002, 36.25, 31.85, 0.3000002, 44.75)
polygons = [PackedInt32Array(1, 0, 2), PackedInt32Array(2, 0, 3), PackedInt32Array(5, 4, 6), PackedInt32Array(6, 4, 7), PackedInt32Array(7, 4, 8), PackedInt32Array(8, 4, 3), PackedInt32Array(8, 10, 9), PackedInt32Array(4, 2, 3), PackedInt32Array(7, 8, 9), PackedInt32Array(14, 13, 11), PackedInt32Array(11, 13, 12), PackedInt32Array(18, 17, 15), PackedInt32Array(15, 17, 16), PackedInt32Array(21, 20, 19), PackedInt32Array(23, 22, 19), PackedInt32Array(19, 22, 21), PackedInt32Array(26, 25, 24), PackedInt32Array(28, 26, 27), PackedInt32Array(27, 26, 24), PackedInt32Array(31, 30, 29), PackedInt32Array(29, 32, 31), PackedInt32Array(31, 32, 33), PackedInt32Array(33, 32, 34), PackedInt32Array(36, 31, 35), PackedInt32Array(35, 31, 33), PackedInt32Array(37, 39, 38), PackedInt32Array(39, 37, 40), PackedInt32Array(41, 39, 40), PackedInt32Array(43, 42, 44), PackedInt32Array(44, 42, 41), PackedInt32Array(41, 42, 45), PackedInt32Array(48, 47, 46), PackedInt32Array(46, 50, 48), PackedInt32Array(48, 50, 49), PackedInt32Array(53, 52, 51), PackedInt32Array(50, 44, 41), PackedInt32Array(49, 50, 51), PackedInt32Array(51, 50, 41), PackedInt32Array(51, 41, 40), PackedInt32Array(51, 40, 53), PackedInt32Array(55, 54, 56), PackedInt32Array(56, 54, 57), PackedInt32Array(57, 54, 58), PackedInt32Array(58, 54, 59), PackedInt32Array(58, 60, 57), PackedInt32Array(54, 61, 59), PackedInt32Array(61, 10, 59), PackedInt32Array(59, 10, 8), PackedInt32Array(59, 8, 62)]
geometry_parsed_geometry_type = 1
agent_radius = 1.0

[sub_resource type="ProceduralSkyMaterial" id="ProceduralSkyMaterial_night"]
sky_top_color = Color(0.078766845, 0.0787035, 0.16751745, 1)
sky_horizon_color = Color(0.050980393, 0.050980393, 0.11764706, 1)
sky_curve = 0.1
ground_bottom_color = Color(0.01, 0.01, 0.02, 1)
ground_horizon_color = Color(0.04, 0.04, 0.08, 1)
ground_curve = 0.1

[sub_resource type="Sky" id="Sky_night"]
sky_material = SubResource("ProceduralSkyMaterial_night")

[sub_resource type="Environment" id="Environment_night"]
background_mode = 2
sky = SubResource("Sky_night")
ambient_light_source = 2
ambient_light_color = Color(0.05, 0.05, 0.1, 1)
ambient_light_energy = 0.3
fog_enabled = true
fog_light_color = Color(0.05, 0.05, 0.1, 1)
fog_light_energy = 2.0
fog_density = 0.0
fog_aerial_perspective = 0.5

[node name="SchoolEntrance" type="Node3D" unique_id=517855459]

[node name="NavigationRegion3D" type="NavigationRegion3D" parent="." unique_id=1705020934]
navigation_mesh = SubResource("NavigationMesh_21yb8")

[node name="Bridge" parent="NavigationRegion3D" unique_id=986381520 instance=ExtResource("8_bridge")]
transform = Transform3D(1, 0, 0, 0, 1, 0, 0, 0, 1, 0, 0, 20.171587)

[node name="ParkingLot" parent="NavigationRegion3D" unique_id=2104304287 instance=ExtResource("9_parking")]
transform = Transform3D(1, 0, 0, 0, 1, 0, 0, 0, 1, 14, 0, 21.960794)

[node name="SchoolBuilding" parent="NavigationRegion3D" unique_id=1032568515 instance=ExtResource("7_5jtxm")]

[node name="StreetBlock" parent="NavigationRegion3D" unique_id=1230306427 instance=ExtResource("10_streetblock")]

[node name="River" parent="NavigationRegion3D" unique_id=382900447 instance=ExtResource("11_river")]
transform = Transform3D(1, 0, 0, 0, 1, 0, 0, 0, 1, 0, -3.95, 27)

[node name="Environment" type="Node3D" parent="." unique_id=198896989]

[node name="WorldEnvironment" type="WorldEnvironment" parent="Environment" unique_id=175692185]
environment = SubResource("Environment_night")

[node name="DirectionalLight" type="DirectionalLight3D" parent="Environment" unique_id=1999757063]
transform = Transform3D(0.8660254, 0, 0.50000006, -0.35355338, 0.70710677, 0.61237246, -0.35355335, -0.7071068, 0.61237246, 0, 0, 0)
light_color = Color(0.7529412, 0.8156863, 1, 1)
light_energy = 0.3
shadow_enabled = true

[node name="Cameras" type="Node3D" parent="." unique_id=194482793]

[node name="Entrance" type="Camera3D" parent="Cameras" unique_id=47935763]
transform = Transform3D(0.926614, -0.114427015, 0.35818017, 7.1626025e-09, 0.9525712, 0.3043158, -0.37601405, -0.28198326, 0.8826658, 7.010169, 2.8091543, 39.693356)
fov = 60.0

[node name="Bridge" type="Camera3D" parent="Cameras" unique_id=533416551]
transform = Transform3D(0.948026, 0.14414844, -0.28366888, -0.044844966, 0.9431299, 0.32938585, 0.31501698, -0.2995452, 0.90057594, -1.7837934, 3.3499527, 36.291996)
current = true
fov = 60.0

[node name="Access" type="Camera3D" parent="Cameras" unique_id=899676698]
transform = Transform3D(-0.58805346, 0.624493, -0.5140056, 0, 0.635499, 0.77210176, 0.8088222, 0.45403704, -0.37370732, -6.6846776, 7.6921453, 8.756723)
fov = 60.0

[node name="Characters" type="Node3D" parent="." unique_id=2104005020]

[node name="Helena" parent="Characters" unique_id=255764739 instance=ExtResource("6_21yb8")]
transform = Transform3D(-0.9541568, 0, -0.2993075, 0, 1, 0, 0.2993075, 0, -0.9541568, 5.4505043, 0.1593988, 36.396217)

[node name="Helena2" parent="Characters" unique_id=525764048 instance=ExtResource("6_21yb8")]
transform = Transform3D(0.6488905, 0, -0.76088184, 0, 1, 0, 0.76088184, 0, 0.6488905, 2.1160312, 0.20193724, 22.497572)

[node name="Helena3" parent="Characters" unique_id=1974297223 instance=ExtResource("6_21yb8")]
transform = Transform3D(0.38418263, 0, 0.92325723, 0, 1, 0, -0.92325723, 0, 0.38418263, -2.218048, 0.20193653, 31.58735)
